0  11  10  21
1  17  4  21
2  16  5  21
3  17  4  21
4  17  4  21
5  18  3  21
6  17  4  21
7  17  4  21
8  17  4  21
9  17  4  21
10  16  5  21
11  15  6  21
12  19  2  21
13  17  4  21
14  20  1  21
15  17  4  21
16  16  5  21
17  15  6  21
18  14  7  21
19  14  7  21
20  14  7  21
21  15  6  21
22  14  7  21
23  14  7  21
24  14  7  21
25  16  5  21
26  16  5  21
27  16  5  21
28  15  6  21
29  17  4  21
30  17  4  21
31  16  5  21
32  16  5  21
33  16  5  21
34  17  4  21
35  17  4  21
36  16  5  21
37  15  6  21
38  15  6  21
39  15  6  21
40  15  6  21
41  16  5  21
42  16  5  21
43  19  2  21
44  18  3  21
45  20  1  21
46  18  3  21
47  17  4  21
48  17  4  21
49  17  4  21
50  17  4  21
51  17  4  21
52  18  3  21
53  17  4  21
54  17  4  21
55  16  5  21
56  16  5  21
57  17  4  21
58  17  4  21
59  15  6  21
60  15  6  21
61  15  6  21
62  14  7  21
63  17  4  21
64  16  5  21
65  18  3  21
66  18  3  21
67  16  5  21
68  16  5  21
69  15  6  21
70  15  6  21
71  13  8  21
72  13  8  21
73  12  9  21
74  12  9  21
75  12  9  21
76  12  9  21
77  12  9  21
78  12  9  21
79  12  9  21
80  11  10  21
81  13  8  21
82  15  6  21
83  15  6  21
84  18  3  21
85  16  5  21
86  16  5  21
87  14  7  21
88  14  7  21
89  14  7  21
90  14  7  21
91  15  6  21
92  16  5  21
93  16  5  21
94  13  8  21
95  15  6  21
96  15  6  21
97  15  6  21
98  14  7  21
99  14  7  21
100  14  7  21
101  14  7  21
102  14  7  21
103  12  9  21
104  14  7  21
105  14  7  21
106  14  7  21
107  14  7  21
108  14  7  21
109  13  8  21
110  14  7  21
111  17  4  21
112  15  6  21
113  16  5  21
114  15  6  21
115  13  8  21
116  13  8  21
117  13  8  21
118  12  9  21
119  12  9  21
120  12  9  21
121  12  9  21
122  14  7  21
123  14  7  21
124  14  7  21
125  14  7  21
126  14  7  21
127  13  8  21
128  13  8  21
129  13  8  21
130  15  6  21
131  14  7  21
132  14  7  21
133  13  8  21
134  14  7  21
135  14  7  21
136  14  7  21
137  14  7  21
138  14  7  21
139  13  8  21
140  13  8  21
141  15  6  21
142  15  6  21
143  15  6  21
144  15  6  21
145  15  6  21
146  15  6  21
147  15  6  21
148  19  2  21
149  17  4  21
150  16  5  21
151  16  5  21
152  18  3  21
153  18  3  21
154  16  5  21
155  16  5  21
156  16  5  21
157  16  5  21
158  17  4  21
159  16  5  21
160  16  5  21
161  16  5  21
162  16  5  21
163  18  3  21
164  16  5  21
165  13  8  21
166  13  8  21
167  13  8  21
168  13  8  21
169  13  8  21
170  13  8  21
171  13  8  21
172  12  9  21
173  17  4  21
174  15  6  21
175  14  7  21
176  13  8  21
177  13  8  21
178  12  9  21
179  11  10  21
180  11  10  21
181  12  9  21
182  12  9  21
183  12  9  21
184  14  7  21
185  15  6  21
186  15  6  21
187  15  6  21
188  15  6  21
189  15  6  21
190  18  3  21
191  18  3  21
192  17  4  21
193  16  5  21
194  16  5  21
195  15  6  21
196  14  7  21
197  14  7  21
198  14  7  21
199  13  8  21
200  15  6  21
201  14  7  21
202  14  7  21
203  14  7  21
204  13  8  21
205  16  5  21
206  14  7  21
207  13  8  21
208  14  7  21
209  14  7  21
210  14  7  21
211  14  7  21
212  14  7  21
213  14  7  21
214  14  7  21
215  14  7  21
216  13  8  21
217  13  8  21
218  14  7  21
219  13  8  21
220  15  6  21
221  15  6  21
222  15  6  21
223  15  6  21
224  17  4  21
225  17  4  21
226  16  5  21
227  16  5  21
228  15  6  21
229  17  4  21
230  17  4  21
231  17  4  21
232  18  3  21
233  17  4  21
234  16  5  21
235  14  7  21
236  14  7  21
237  14  7  21
238  14  7  21
239  14  7  21
240  16  5  21
241  18  3  21
242  18  3  21
243  16  5  21
244  16  5  21
245  15  6  21
246  13  8  21
247  14  7  21
248  16  5  21
249  16  5  21
250  16  5  21
251  16  5  21
252  16  5  21
253  15  6  21
254  19  2  21
255  16  5  21
256  16  5  21
257  15  6  21
258  15  6  21
259  14  7  21
260  14  7  21
261  17  4  21
262  16  5  21
263  14  7  21
264  14  7  21
265  13  8  21
266  12  9  21
267  15  6  21
268  15  6  21
269  15  6  21
270  15  6  21
271  14  7  21
272  15  6  21
273  15  6  21
274  15  6  21
275  15  6  21
276  14  7  21
277  16  5  21
278  15  6  21
279  15  6  21
280  14  7  21
281  14  7  21
282  14  7  21
283  14  7  21
284  14  7  21
285  14  7  21
286  13  8  21
287  13  8  21
288  14  7  21
289  15  6  21
290  14  7  21
291  13  8  21
292  13  8  21
293  13  8  21
294  13  8  21
295  13  8  21
296  15  6  21
297  14  7  21
298  14  7  21
299  13  8  21
300  13  8  21
301  13  8  21
302  13  8  21
303  13  8  21
304  13  8  21
305  13  8  21
306  13  8  21
307  11  10  21
308  11  10  21
309  18  3  21
310  16  5  21
311  16  5  21
312  17  4  21
313  16  5  21
314  16  5  21
315  16  5  21
316  15  6  21
317  16  5  21
318  17  4  21
319  17  4  21
320  16  5  21
321  18  3  21
322  17  4  21
323  13  8  21
324  13  8  21
325  13  8  21
326  15  6  21
327  14  7  21
328  14  7  21
329  14  7  21
330  12  9  21
331  11  10  21
332  13  8  21
333  13  8  21
334  13  8  21
335  11  10  21
336  11  10  21
337  11  10  21
338  11  10  21
339  11  10  21
340  11  10  21
341  12  9  21
342  11  10  21
343  11  10  21
344  15  6  21
345  15  6  21
346  15  6  21
347  16  5  21
348  16  5  21
349  16  5  21
350  15  6  21
351  17  4  21
352  16  5  21
353  14  7  21
354  14  7  21
355  13  8  21
356  13  8  21
357  13  8  21
358  13  8  21
359  13  8  21
360  13  8  21
361  12  9  21
362  16  5  21
363  14  7  21
364  14  7  21
365  14  7  21
366  14  7  21
367  13  8  21
368  12  9  21
369  12  9  21
370  12  9  21
371  16  5  21
372  16  5  21
373  16  5  21
374  15  6  21
375  15  6  21
376  15  6  21
377  15  6  21
378  15  6  21
379  15  6  21
380  15  6  21
